Toti_Illumina_V1_V2_EMU_EMUdb_I_1	Toti_Illumina_V1_V2_EMU_EMUdb_I_2	Toti_Illumina_V1_V2_EMU_EMUdb_I_3	Toti_Illumina_V1_V2_EMU_EMUdb_I_4	Toti_Illumina_V1_V2_EMU_EMUdb_MN_1	Toti_Illumina_V1_V2_EMU_EMUdb_MN_2	Toti_Illumina_V1_V2_EMU_EMUdb_MN_3	Toti_Illumina_V1_V2_EMU_EMUdb_MN_4	Toti_Illumina_V1_V2_EMU_EMUdb_Z_1	Toti_Illumina_V1_V2_EMU_EMUdb_Z_2	Toti_Illumina_V1_V2_EMU_EMUdb_Z_3	Toti_Illumina_V1_V2_EMU_EMUdb_Z_4	Toti_Illumina_V1_V3_EMU_EMUdb_I_1	Toti_Illumina_V1_V3_EMU_EMUdb_I_2	Toti_Illumina_V1_V3_EMU_EMUdb_I_3	Toti_Illumina_V1_V3_EMU_EMUdb_I_4	Toti_Illumina_V1_V3_EMU_EMUdb_MN_1	Toti_Illumina_V1_V3_EMU_EMUdb_MN_2	Toti_Illumina_V1_V3_EMU_EMUdb_MN_3	Toti_Illumina_V1_V3_EMU_EMUdb_MN_4	Toti_Illumina_V1_V3_EMU_EMUdb_Q_1	Toti_Illumina_V1_V3_EMU_EMUdb_Q_2	Toti_Illumina_V1_V3_EMU_EMUdb_Q_3	Toti_Illumina_V1_V3_EMU_EMUdb_Q_4	Toti_Illumina_V1_V3_EMU_EMUdb_Z_1	Toti_Illumina_V1_V3_EMU_EMUdb_Z_2	Toti_Illumina_V1_V3_EMU_EMUdb_Z_3	Toti_Illumina_V1_V3_EMU_EMUdb_Z_4	Toti_Illumina_V3_V4_EMU_EMUdb_I_1	Toti_Illumina_V3_V4_EMU_EMUdb_I_2	Toti_Illumina_V3_V4_EMU_EMUdb_I_3	Toti_Illumina_V3_V4_EMU_EMUdb_I_4	Toti_Illumina_V3_V4_EMU_EMUdb_MN_1	Toti_Illumina_V3_V4_EMU_EMUdb_MN_2	Toti_Illumina_V3_V4_EMU_EMUdb_MN_3	Toti_Illumina_V3_V4_EMU_EMUdb_MN_4	Toti_Illumina_V3_V4_EMU_EMUdb_Z_1	Toti_Illumina_V3_V4_EMU_EMUdb_Z_2	Toti_Illumina_V3_V4_EMU_EMUdb_Z_3	Toti_Illumina_V3_V4_EMU_EMUdb_Z_4	Toti_ONT_V1_V9_EMU_EMUdb_I_1	Toti_ONT_V1_V9_EMU_EMUdb_I_2	Toti_ONT_V1_V9_EMU_EMUdb_I_3	Toti_ONT_V1_V9_EMU_EMUdb_I_4	Toti_ONT_V1_V9_EMU_EMUdb_MN_1	Toti_ONT_V1_V9_EMU_EMUdb_MN_2	Toti_ONT_V1_V9_EMU_EMUdb_MN_3	Toti_ONT_V1_V9_EMU_EMUdb_MN_4	Toti_ONT_V1_V9_EMU_EMUdb_Q_1	Toti_ONT_V1_V9_EMU_EMUdb_Q_2	Toti_ONT_V1_V9_EMU_EMUdb_Q_3	Toti_ONT_V1_V9_EMU_EMUdb_Q_4	Toti_ONT_V1_V9_EMU_EMUdb_Z_1	Toti_ONT_V1_V9_EMU_EMUdb_Z_2	Toti_ONT_V1_V9_EMU_EMUdb_Z_3	Toti_ONT_V1_V9_EMU_EMUdb_Z_4	Toti_PacBio_V1_V9_EMU_EMUdb_I_1	Toti_PacBio_V1_V9_EMU_EMUdb_I_2	Toti_PacBio_V1_V9_EMU_EMUdb_I_3	Toti_PacBio_V1_V9_EMU_EMUdb_I_4	Toti_PacBio_V1_V9_EMU_EMUdb_MN_1	Toti_PacBio_V1_V9_EMU_EMUdb_MN_2	Toti_PacBio_V1_V9_EMU_EMUdb_MN_3	Toti_PacBio_V1_V9_EMU_EMUdb_MN_4	Toti_PacBio_V1_V9_EMU_EMUdb_Z_1	Toti_PacBio_V1_V9_EMU_EMUdb_Z_2	Toti_PacBio_V1_V9_EMU_EMUdb_Z_3	Toti_PacBio_V1_V9_EMU_EMUdb_Z_4
Toti_Illumina_V1_V2_EMU_EMUdb_I_1	0	0.226864720870975	0.10413150741404	0.0802510245901639	0.0978144775073789	0.203680783511812	0.16288742504856	0.150142090306284	0.397691500524659	0.429029157321371	0.426005219572266	0.402823334025327	0.743614791429459	0.390619875368973	0.727637323232675	0.908596951696827	0.832810893869549	0.732430856042212	0.987909150027698	0.886044598373011	0.893818280888162	0.909471342968101	0.842390677281643	0.997047363198528	0.463191757191477	0.487299695404582	0.671232030634776	0.815760647780236	0.352673793958402	0.392810265951346	0.40005286368126	0.36338216053975	0.364258852683521	0.424512046432422	0.369965470960045	0.391173973038956	0.596403225207149	0.62055354377467	0.589191681428814	0.585142336501075	0.876645304364346	0.976606022632242	0.912505920004593	0.880804040972459	0.808908549404345	0.911494873178629	0.858049572855252	0.839341042076413	0.999854563083263	0.999515304267746	0.999563752696251	0.999127695662709	0.932926058006528	0.95241521804081	0.932501167799865	0.935266691449481	0.295810111617767	0.38932289497793	0.459495632572556	0.322798161222275	0.677882567690904	0.508402226184687	0.368465171763416	0.416644245296686	0.475971499317803	0.510586094275547	0.491365131578947	0.488305761551626
Toti_Illumina_V1_V2_EMU_EMUdb_I_2	0.226864720870975	0	0.14421024754249	0.16152085137978	0.292567998805013	0.133793103448276	0.32021255658335	0.170193045256968	0.339266362352632	0.365529296841528	0.395745927731383	0.420852028754764	0.821486541322873	0.344409859510389	0.809882765421278	0.872475168322112	0.88508550523241	0.809791799900519	0.982625413892548	0.921747037428136	0.900972235576243	0.913056581029157	0.833122988342656	0.995696919711694	0.436570670499143	0.458068881085086	0.715786505360589	0.761704953663175	0.493372206505491	0.396964991313172	0.369044156644027	0.399411126607779	0.487311324356657	0.520003729212553	0.450536336637691	0.393535262206148	0.581410551651388	0.619163296572856	0.573217754326965	0.59393258149388	0.915263817845272	0.984279853245646	0.94070614890193	0.917406262635954	0.731260858773889	0.938548338869803	0.894637863287196	0.883545355313044	0.999784351076448	0.999281376881894	0.999353192712638	0.998706803649687	0.953092165519721	0.965349808340685	0.952971319168106	0.953618216156376	0.361675789636564	0.327940261356565	0.3183705480716	0.434199973752898	0.561787416720096	0.374468388415025	0.340383942717228	0.530083411456455	0.432992514150082	0.440335889921224	0.412453266868435	0.421269222438813
Toti_Illumina_V1_V2_EMU_EMUdb_I_3	0.10413150741404	0.14421024754249	0	0.0858891514911406	0.176683862176368	0.136455918561288	0.205938985163667	0.108186764519803	0.339438181216074	0.369854413918866	0.375813085900134	0.372615051553155	0.772886670106583	0.355781742990071	0.760469753259126	0.898269914144165	0.852521929824561	0.760981480012827	0.986462143130084	0.899978418026886	0.89411020821771	0.905161283763864	0.831009841497143	0.996596959218398	0.421664709880739	0.445355307310028	0.67006673424565	0.794999760065262	0.406355449283783	0.371371888248723	0.370377003671532	0.345821759417632	0.397715925394548	0.44711742263671	0.381762504253147	0.367514577156071	0.579767460254686	0.602207352904867	0.568128764331867	0.569803816418644	0.895671267620518	0.979725927741711	0.923880052979368	0.896339599765621	0.787019101096045	0.923330013205621	0.870459357052124	0.855052057511155	0.999835047011602	0.999450277609807	0.999505222649808	0.999010690043694	0.940617363209887	0.955869054078495	0.940799071942171	0.941789535431909	0.30936732390626	0.35301156761069	0.409012966495193	0.350628808505121	0.643526021970106	0.461808846761453	0.338045912653975	0.441282573866795	0.433456748569505	0.479721859447249	0.452165946865594	0.457721898357121
Toti_Illumina_V1_V2_EMU_EMUdb_I_4	0.0802510245901639	0.16152085137978	0.0858891514911406	0	0.146825732918729	0.168192481547176	0.199836109142452	0.125921993741618	0.39030181662137	0.416202734601167	0.429628132098134	0.411680229775012	0.767530387755638	0.359537449607469	0.753664901102476	0.901307357087926	0.849311404982018	0.756930195408789	0.986736756975334	0.897436194358238	0.897668672406281	0.914201941994034	0.843767274253927	0.996801734652392	0.468588703731013	0.477618659088991	0.682258446791141	0.801495194019224	0.390006114168195	0.389809450498994	0.392075186409523	0.359406021376703	0.397273412345002	0.457396880306274	0.391702618762765	0.39047699594046	0.602594509598375	0.629948808603101	0.595148344744468	0.597132218084811	0.886261873384457	0.979010332596255	0.9211300864229	0.891867175108831	0.789185257032008	0.91913236888294	0.867012876579203	0.849332808395051	0.999837093752545	0.999457097098184	0.999511360860005	0.999022960429897	0.938752992964756	0.956403852512646	0.938953661514637	0.940196467258605	0.278690144789076	0.34851018683354	0.414744079449962	0.34238983334837	0.646799313740781	0.466896295281523	0.334027669287785	0.442056176119727	0.474656104480009	0.485355135769184	0.472712442532997	0.458588567907499
Toti_Illumina_V1_V2_EMU_EMUdb_MN_1	0.0978144775073789	0.292567998805013	0.176683862176368	0.146825732918729	0	0.255472047249084	0.137677875464516	0.153778373481266	0.439995944387412	0.433099329421626	0.40377301733955	0.385644491571614	0.727139719687238	0.427603777326885	0.710422156806974	0.917338499677104	0.819938958089313	0.714406884368916	0.989194584273564	0.877452164134425	0.897351857682196	0.905593694002254	0.85632093108987	0.997384937238494	0.461804902340508	0.47511832065835	0.653008679560289	0.828860898138007	0.380401827222379	0.432913465475302	0.457228064668027	0.399522603627728	0.34475796013461	0.435333782872556	0.394432212072987	0.413287964271864	0.623528860130351	0.62645380975545	0.603641923505811	0.601406657369793	0.867156260868396	0.974601903170111	0.905366490745399	0.870583209923328	0.826568192224235	0.907180147639349	0.850893113610009	0.821232893302652	0.99986906424581	0.999563623669052	0.999607244163212	0.999214642553284	0.927232705525641	0.948002066550476	0.926980649198308	0.929926293608723	0.329344925540157	0.429694755742678	0.497987058497547	0.317394317394317	0.703827449233396	0.54018971542686	0.396774871625477	0.343319862059425	0.479104210212004	0.508440222652469	0.523968412857302	0.501051877016098
Toti_Illumina_V1_V2_EMU_EMUdb_MN_2	0.203680783511812	0.133793103448276	0.136455918561288	0.168192481547176	0.255472047249084	0	0.238828041961274	0.139807771684651	0.287506423626855	0.314741161119932	0.347655617928579	0.363555938662553	0.792471260548874	0.354908347220118	0.780377683018597	0.889966536214622	0.865407966733743	0.780057198660714	0.985246049119861	0.908508222966089	0.889338438132179	0.90131658196152	0.803243585045305	0.996379762874468	0.391734515098423	0.447533339273516	0.677493189767727	0.78221793836455	0.436820675815189	0.339753346325088	0.363563591844422	0.363977647227396	0.459288594126488	0.445870713415103	0.370413032746421	0.346984939579737	0.534774759877079	0.562661656650925	0.526762384505563	0.543547096280316	0.904551990387835	0.981377862155525	0.930488323333043	0.906930067650175	0.766883601835058	0.927016868387972	0.879600388414063	0.869080675515922	0.999818637971163	0.999395606056027	0.999456012572154	0.998912320986162	0.944407767692199	0.958727820876909	0.944858887913484	0.945426473547478	0.353101244711294	0.349594122977845	0.387147206451082	0.430138544671515	0.614810492791676	0.420177828465226	0.329422030782941	0.492143519251204	0.400259213343852	0.45910700567724	0.437046776635588	0.447793116857865
Toti_Illumina_V1_V2_EMU_EMUdb_MN_3	0.16288742504856	0.32021255658335	0.205938985163667	0.199836109142452	0.137677875464516	0.238828041961274	0	0.216610753468129	0.322997296610365	0.34641160855643	0.316120194168975	0.297041376515235	0.68951010654187	0.48576580514726	0.679903561673112	0.928635595961048	0.794818293189326	0.67001393610232	0.990733676943974	0.861559641326594	0.860016768879491	0.874360954081247	0.785338706341696	0.997684104364716	0.379310344827586	0.455171313287893	0.611530508975222	0.848867869962404	0.342907798091986	0.42924242257186	0.478782978824592	0.420663961146963	0.368032236400269	0.377723949221729	0.359457528899263	0.443099826468171	0.567634435205404	0.573710336673224	0.550622345258976	0.557352292872351	0.859121430979045	0.970623655102118	0.894654703361261	0.859269860234889	0.849502487562189	0.890110830169172	0.830399464031488	0.807284098881107	0.999887806428692	0.999626077364593	0.999663457044031	0.999327027330168	0.914113372065896	0.938448935995627	0.914922982177027	0.917610396698887	0.393125379732927	0.487482528127984	0.553906793415256	0.323075290497161	0.740870158786914	0.590287106059488	0.4563206162382	0.368020724246266	0.426132632961261	0.554895820624398	0.545274252039891	0.549800907749283
Toti_Illumina_V1_V2_EMU_EMUdb_MN_4	0.150142090306284	0.170193045256968	0.108186764519803	0.125921993741618	0.153778373481266	0.139807771684651	0.216610753468129	0	0.372092337627878	0.37764026529018	0.388980333345526	0.386759271626375	0.785584954535843	0.342082079142501	0.770796378220883	0.894850831122421	0.860275203135846	0.774677873479521	0.985952088627473	0.905089608232575	0.89990958358526	0.912732580840264	0.852062225314712	0.99661143497114	0.448650693568726	0.446634016286551	0.680414072942016	0.78778423982228	0.428467394149039	0.371910471400586	0.375716885619466	0.367531413539305	0.387907847035434	0.460973637392851	0.397275555610645	0.346526890463468	0.586088924208343	0.594014133296384	0.566792234135033	0.574209550248598	0.895261953094631	0.980507348194281	0.926480018128083	0.897942389618482	0.777726715686274	0.924978644477768	0.871816438594962	0.85525592045497	0.9998273828361	0.999424741852907	0.999482237882928	0.998964743774084	0.942467580078678	0.957661952262252	0.942751963716926	0.943795168618999	0.324215086037826	0.336222193167597	0.390152720330894	0.353558895583659	0.6304515405639	0.440571137174911	0.315483371446063	0.424748718631432	0.451224883016791	0.446109688084728	0.437654225786551	0.425187361126803
Toti_Illumina_V1_V2_EMU_EMUdb_Z_1	0.397691500524659	0.339266362352632	0.339438181216074	0.39030181662137	0.439995944387412	0.287506423626855	0.322997296610365	0.372092337627878	0	0.168157452093126	0.20545660480689	0.27106725643643	0.804752443667728	0.544745313387616	0.803412739364752	0.886910163339383	0.874324659498981	0.786810917892593	0.985007046688057	0.916938096527153	0.857094293357111	0.871130942464869	0.729451242733655	0.996319647651513	0.256202818643238	0.360617760617761	0.696613456981823	0.776185886582094	0.564593023930216	0.516805826209408	0.523237015993596	0.553243924805135	0.602008683620402	0.537393901461497	0.494095160943255	0.529271704515015	0.431933745814328	0.463255825923591	0.43726430341558	0.489857224045744	0.93013086674598	0.982745071219009	0.942266581962323	0.923781740627664	0.780551554915453	0.934521892252643	0.901545338832926	0.895069118319666	0.999818648934563	0.999395642583024	0.999456045450425	0.998912386706949	0.947044789522349	0.961288429416279	0.948417138128956	0.948505452560244	0.584747994312097	0.553841704424949	0.558028551446086	0.616527403475034	0.629463960131275	0.558150831027856	0.536713513914932	0.63440495568819	0.304764319725016	0.406778708335675	0.355073907326985	0.406089594027065
Toti_Illumina_V1_V2_EMU_EMUdb_Z_2	0.429029157321371	0.365529296841528	0.369854413918866	0.416202734601167	0.433099329421626	0.314741161119932	0.34641160855643	0.37764026529018	0.168157452093126	0	0.249511517893871	0.297188708113853	0.820534729971082	0.559203326767345	0.822523424983998	0.881881820682909	0.884082549706791	0.803146696883215	0.983895058120657	0.92449941640579	0.876243583878943	0.888681932161763	0.766736447613052	0.996012811294856	0.315324675324675	0.289354674404606	0.725660245794474	0.75534349015012	0.593918095101485	0.544810485299327	0.557143324286322	0.568775003346173	0.599803161714954	0.582806145503841	0.542091769999477	0.54364471669219	0.490388185895056	0.47393629759719	0.475570804915129	0.528421857818999	0.929991824064964	0.984418210020803	0.942439488894839	0.923688909429824	0.765446584437513	0.939635423608195	0.900693871716205	0.894209679042157	0.999803497740224	0.999345164036409	0.999410609037328	0.998821565354021	0.952513500343766	0.965069927277892	0.953747831695579	0.953274290820553	0.617400573402926	0.588108853469603	0.575624687927404	0.629962126525459	0.628395189715944	0.571696428571429	0.55343779232928	0.616262963695832	0.362343829911595	0.33678328283027	0.33254979327135	0.360324052290256
Toti_Illumina_V1_V2_EMU_EMUdb_Z_3	0.426005219572266	0.395745927731383	0.375813085900134	0.429628132098134	0.40377301733955	0.347655617928579	0.316120194168975	0.388980333345526	0.20545660480689	0.249511517893871	0	0.128100909632727	0.758478999622415	0.611995999343176	0.759857596393533	0.919179661428311	0.843309601242272	0.718099973080847	0.989395724625484	0.891809417337701	0.819224305002694	0.831436499339694	0.690494822234395	0.99737998647735	0.246598769130222	0.367165936775476	0.623850462810412	0.83065743418049	0.56361318085827	0.542624464382945	0.586478714116982	0.568708244512987	0.559761261031475	0.498850356294537	0.512566804747698	0.564078302222987	0.443168718587172	0.447938884777783	0.398419034910152	0.444411243251858	0.904842384420671	0.975980822483463	0.920537381984594	0.893857166307684	0.839993807210729	0.911494660519368	0.868615368298245	0.853609790243549	0.999873053486798	0.999576916567947	0.999619208800508	0.999238562575351	0.927212792857565	0.94668828914902	0.92908316520133	0.9300411449303	0.618453234376318	0.615317061353037	0.624926345293265	0.578822994773915	0.723361174386231	0.628408906224606	0.596484524264425	0.551708348353029	0.313544296365878	0.465093557555661	0.483542258881277	0.481123592080596
Toti_Illumina_V1_V2_EMU_EMUdb_Z_4	0.402823334025327	0.420852028754764	0.372615051553155	0.411680229775012	0.385644491571614	0.363555938662553	0.297041376515235	0.386759271626375	0.27106725643643	0.297188708113853	0.128100909632727	0	0.714608592269682	0.594525235243798	0.712101183082125	0.930609394098132	0.810847484150467	0.673881215827525	0.990931261855298	0.869737755038725	0.828169058458436	0.838019335977777	0.712635334263999	0.997751790408848	0.264392966115304	0.338235623307143	0.576043243243243	0.850848580180478	0.552483481957215	0.545656436533816	0.580583067931264	0.573716202967385	0.547797660664009	0.502657481185387	0.52016156976111	0.561028653423613	0.479058947924927	0.445461747510504	0.431836598998483	0.426213906213906	0.878421289111909	0.971307037215451	0.904134666064302	0.872405552281804	0.853579831932773	0.894649410714351	0.842971964644905	0.822622637799473	0.999891089288632	0.999600718706329	0.999673303446649	0.999346713606504	0.914095155390157	0.936402092146117	0.916900624823845	0.917273122214544	0.587939571224151	0.595050831855532	0.625205324270745	0.527350882135069	0.749639695285155	0.628126937439624	0.571630046527567	0.482520141214809	0.338717309015829	0.488000636782128	0.537394050191125	0.519703695634413
Toti_Illumina_V1_V3_EMU_EMUdb_I_1	0.743614791429459	0.821486541322873	0.772886670106583	0.767530387755638	0.727139719687238	0.792471260548874	0.68951010654187	0.785584954535843	0.804752443667728	0.820534729971082	0.758478999622415	0.714608592269682	0	0.862822812799867	0.309241277316157	0.983975237150199	0.247086143630462	0.160367373547571	0.998045993727789	0.434399947934745	0.86962058150777	0.851362486539935	0.860642214836345	0.99951486563644	0.750694524458783	0.778281561302365	0.644364833692453	0.961538320760449	0.727910736480109	0.803199386472907	0.828768201627302	0.79769541380782	0.751498490525774	0.735897805694577	0.765248342207819	0.814235007416826	0.828463793198801	0.801709270440372	0.813179062077356	0.7699517501098	0.495535413664462	0.865256708901348	0.612211562708177	0.515434631652042	0.967603337348336	0.612347402883501	0.45335113515513	0.399428912524077	0.999977603834224	0.999925348343293	0.999932813007402	0.999865630528744	0.668050754016575	0.754129848313022	0.653720894607843	0.680196692064783	0.838186859322574	0.869877181416408	0.892961980298625	0.738812087125274	0.945084851405855	0.903086448192395	0.861376398169606	0.674352422961996	0.803625851852821	0.870544187708846	0.891935891318382	0.88014672489083
Toti_Illumina_V1_V3_EMU_EMUdb_I_2	0.390619875368973	0.344409859510389	0.355781742990071	0.359537449607469	0.427603777326885	0.354908347220118	0.48576580514726	0.342082079142501	0.544745313387616	0.559203326767345	0.611995999343176	0.594525235243798	0.862822812799867	0	0.851730029580232	0.810588772250114	0.912378608974886	0.855667086125662	0.974293573393348	0.941467729774337	0.948756388810104	0.956892456710675	0.920661288399634	0.994746148017176	0.546085387104805	0.518801170673878	0.773889387318033	0.656401038546036	0.573673735502025	0.465521782647632	0.402291546694732	0.461355824090152	0.560824040180472	0.599083855527105	0.526634069064266	0.429054305029344	0.672853162205522	0.708416849236315	0.681347916050842	0.687751320935977	0.925136242813622	0.987910072459436	0.953350257296618	0.934515949683786	0.641176470588235	0.952073276900467	0.915348778531715	0.902920955535388	0.999695909989357	0.999189421956533	0.999088007295942	0.998176845943482	0.963267217407893	0.972800877299172	0.964160207598059	0.965235134599453	0.214703386915545	0.124873412791151	0.199602949517867	0.404632400350489	0.469853496994349	0.261699561726035	0.143400232047199	0.51910531220876	0.575409494725153	0.500887078637647	0.552491586146998	0.409370240033615
Toti_Illumina_V1_V3_EMU_EMUdb_I_3	0.727637323232675	0.809882765421278	0.760469753259126	0.753664901102476	0.710422156806974	0.780377683018597	0.679903561673112	0.770796378220883	0.803412739364752	0.822523424983998	0.759857596393533	0.712101183082125	0.309241277316157	0.851730029580232	0	0.982471834050578	0.306429704255184	0.288713648099594	0.99785589851253	0.479488005688826	0.853340748669087	0.836199420647436	0.808257852685634	0.999471667134038	0.725987319900597	0.773001056207359	0.47664193149837	0.957850670720303	0.680218777267758	0.760256487212714	0.795937401715705	0.761414927484966	0.701439624727037	0.668075755233092	0.720846422368462	0.787494734136363	0.767946279385029	0.754477480980383	0.765667442087228	0.713626653561865	0.607846239245074	0.893768795269569	0.683715603822128	0.616253981557004	0.964768652007572	0.683685977247567	0.570519611910098	0.526037529016229	0.999975609062047	0.999918699517482	0.99992682897085	0.999853663295503	0.726021567299721	0.793622115429432	0.724502021516098	0.736255235208761	0.8249904584042	0.85937387875652	0.883994463180918	0.720529103850406	0.940348681128785	0.894635728255315	0.850096149881359	0.652502554981883	0.778494790309059	0.86193532396228	0.885658251807256	0.871998184156768
Toti_Illumina_V1_V3_EMU_EMUdb_I_4	0.908596951696827	0.872475168322112	0.898269914144165	0.901307357087926	0.917338499677104	0.889966536214622	0.928635595961048	0.894850831122421	0.886910163339383	0.881881820682909	0.919179661428311	0.930609394098132	0.983975237150199	0.810588772250114	0.982471834050578	0	0.989961987729778	0.983105440501599	0.795018374846876	0.993355704493433	0.987096774193548	0.98847692183512	0.981287349102698	0.966207203201423	0.909686256045884	0.885126234906696	0.97231009090382	0.656295900654293	0.925617892205609	0.898941704946324	0.878158047115473	0.896585416023861	0.922963578661025	0.931295806950192	0.915348315073904	0.887486913879553	0.909189085411217	0.915792621707645	0.91187598043739	0.926752110486451	0.991623181597007	0.998708825837297	0.994974143057518	0.992867562462591	0.489535941765241	0.994779558922274	0.990632021878943	0.989171503557586	0.997254004576659	0.99452804377565	0.991784573254222	0.983636363636364	0.996069891250657	0.9971040494273	0.996143793238079	0.996279570591157	0.858419982350458	0.824373956594324	0.792141808738851	0.91304347826087	0.640840254030288	0.776548538082791	0.839916387231634	0.934681398096032	0.907149628299157	0.836158946291105	0.813555808892113	0.821546853691798
Toti_Illumina_V1_V3_EMU_EMUdb_MN_1	0.832810893869549	0.88508550523241	0.852521929824561	0.849311404982018	0.819938958089313	0.865407966733743	0.794818293189326	0.860275203135846	0.874324659498981	0.884082549706791	0.843309601242272	0.810847484150467	0.247086143630462	0.912378608974886	0.306429704255184	0.989961987729778	0	0.334233637770694	0.998774487048556	0.257044808513424	0.884839582691563	0.869874439803471	0.881731450080125	0.999698123722831	0.838494518192361	0.854299734742304	0.643727831942564	0.975649261264568	0.796671490593343	0.854410274608054	0.875595181308055	0.852295076003193	0.810955961331901	0.803918438192082	0.826465810692265	0.867502781430161	0.876283878653789	0.855956599691922	0.864136736627669	0.828823055136342	0.440513133808302	0.819542676607673	0.534901331653432	0.45589489104374	0.979718840879571	0.530942565351822	0.383627946374148	0.339181697137169	0.999986065177808	0.999953551455697	0.999958196115955	0.999916393979438	0.601699156289108	0.681684484245147	0.577886401234648	0.605777034521142	0.895958666883777	0.916894399985757	0.931877024467334	0.828821297938608	0.965332652419145	0.938184793702034	0.910939085507163	0.781197847537323	0.872228519222929	0.915464530324	0.930018383297334	0.922338574766719
Toti_Illumina_V1_V3_EMU_EMUdb_MN_2	0.732430856042212	0.809791799900519	0.760981480012827	0.756930195408789	0.714406884368916	0.780057198660714	0.67001393610232	0.774677873479521	0.786810917892593	0.803146696883215	0.718099973080847	0.673881215827525	0.160367373547571	0.855667086125662	0.288713648099594	0.983105440501599	0.334233637770694	0	0.99792837535003	0.467628847806447	0.77913771620087	0.76406210856719	0.757933099266944	0.999487597898363	0.709058836154857	0.765472493730418	0.535193777863021	0.959412543879636	0.714754194551565	0.792024369028505	0.820614835843262	0.787697606337179	0.738549380079765	0.703307458548466	0.752437733883917	0.804466283935001	0.797384751319394	0.782640618766156	0.789841455058581	0.746023984848929	0.537191898386543	0.876980411051827	0.632891956022492	0.540540006325111	0.965813091934959	0.627128862390924	0.477742828310249	0.439363009913497	0.999976344704959	0.999913266653788	0.999929035793557	0.999858076622854	0.659150202942948	0.748478533434419	0.655582573141078	0.67269462420781	0.829684960777743	0.862933746416419	0.887157653842153	0.725773525045941	0.941954886068791	0.8973233448671	0.853480600974415	0.656296315472685	0.774785281123947	0.861008794185397	0.884250025853536	0.872120298540388
Toti_Illumina_V1_V3_EMU_EMUdb_MN_3	0.987909150027698	0.982625413892548	0.986462143130084	0.986736756975334	0.989194584273564	0.985246049119861	0.990733676943974	0.985952088627473	0.985007046688057	0.983895058120657	0.989395724625484	0.990931261855298	0.998045993727789	0.974293573393348	0.99785589851253	0.795018374846876	0.998774487048556	0.99792837535003	0	0.999183844398559	0.998423627190898	0.998572883670431	0.995467965473795	0.81437125748503	0.988351074512954	0.984822592324403	0.996634138704796	0.912091855041263	0.99086039629921	0.98719590268886	0.984335555699398	0.986856694702112	0.990278512769252	0.991348530623455	0.989477786438036	0.985632434633394	0.987976052724254	0.989041828143793	0.98846330219873	0.990749756572541	0.998976577092594	0.999839384208012	0.999378743729273	0.999115265447339	0.913229322504809	0.999356921588874	0.998854937551687	0.998660480920021	0.977777777777778	0.956834532374101	0.934782608695652	0.880701754385965	0.999516895404909	0.999644726609183	0.999525996491218	0.999542487306812	0.981033625973165	0.975958005249344	0.97101082346984	0.988348851947545	0.945192307692308	0.96862960924601	0.978335233751425	0.991410447627091	0.98789657069503	0.977721568245938	0.973997583846287	0.975398829027233
Toti_Illumina_V1_V3_EMU_EMUdb_MN_4	0.886044598373011	0.921747037428136	0.899978418026886	0.897436194358238	0.877452164134425	0.908508222966089	0.861559641326594	0.905089608232575	0.916938096527153	0.92449941640579	0.891809417337701	0.869737755038725	0.434399947934745	0.941467729774337	0.479488005688826	0.993355704493433	0.257044808513424	0.467628847806447	0.999183844398559	0	0.843530124982395	0.831190653504985	0.849502767373541	0.999801249680853	0.880672350708024	0.904567631102549	0.670412374838456	0.983901766498263	0.86019879883532	0.899615329530511	0.915703037021782	0.899752435828761	0.870582626487356	0.851633897886122	0.880052747302987	0.910235767348315	0.899554005943703	0.888027069309283	0.894782115865394	0.868337582743295	0.349414777207765	0.742161882968567	0.444315612499275	0.364699153284865	0.986601501749611	0.416860313090498	0.332212312555185	0.378437273823294	0.999990826010706	0.999969420409736	0.999972478284602	0.999944957326638	0.509731689317927	0.633061284154533	0.525235854633154	0.56211581179701	0.93013729143341	0.944319511060444	0.954494945874256	0.883704026748074	0.976914932341298	0.958736414934257	0.940314255610172	0.850248519175305	0.906585116284447	0.943844902426328	0.953636818766986	0.948480747207639
Toti_Illumina_V1_V3_EMU_EMUdb_Q_1	0.893818280888162	0.900972235576243	0.89411020821771	0.897668672406281	0.897351857682196	0.889338438132179	0.860016768879491	0.89990958358526	0.857094293357111	0.876243583878943	0.819224305002694	0.828169058458436	0.86962058150777	0.948756388810104	0.853340748669087	0.987096774193548	0.884839582691563	0.77913771620087	0.998423627190898	0.843530124982395	0	0.282205902810827	0.562503907290135	0.999594924278459	0.827629596427086	0.881646188370698	0.653341965395178	0.975379411364975	0.886125222669394	0.894545464562461	0.912554814563349	0.905861387886612	0.899604835454333	0.849932384369455	0.879893145090781	0.911951188339437	0.846492464787768	0.85109157220412	0.846230147916417	0.846511934764537	0.947691677244605	0.950312981563036	0.924452169816203	0.921881061216156	0.978789255322371	0.897328170430799	0.911299505841629	0.923813592715064	0.999981583850264	0.999938614341531	0.999944752568238	0.999889508188671	0.698663039531409	0.851164068803424	0.766760200601688	0.798849462956605	0.952356303924456	0.954541892907618	0.957161691032139	0.936730167477364	0.966559932424944	0.958102373943958	0.952916939572219	0.93559997901254	0.862491820226449	0.929578807763321	0.919204231964866	0.934470053581599
Toti_Illumina_V1_V3_EMU_EMUdb_Q_2	0.909471342968101	0.913056581029157	0.905161283763864	0.914201941994034	0.905593694002254	0.90131658196152	0.874360954081247	0.912732580840264	0.871130942464869	0.888681932161763	0.831436499339694	0.838019335977777	0.851362486539935	0.956892456710675	0.836199420647436	0.98847692183512	0.869874439803471	0.76406210856719	0.998572883670431	0.831190653504985	0.282205902810827	0	0.573461086738747	0.999630421879025	0.835504841388205	0.893176272182545	0.664550882709249	0.977875520137747	0.899518311946644	0.902865200168392	0.919515742995089	0.913079249480075	0.907167078173156	0.861011934876146	0.889334967668938	0.919087555883879	0.857866177152886	0.862429305400669	0.858159055699375	0.858066371875564	0.952940158012377	0.95380353392771	0.914395313165965	0.912834404427946	0.983795700798597	0.902351368214636	0.917446282356344	0.924990954612871	0.999983197983758	0.999943994533867	0.999949594798183	0.999899192136987	0.749210866734097	0.882311264015929	0.817019967780258	0.846244614965682	0.95903700476143	0.961125891241886	0.963926586497562	0.943145258586021	0.972575653840887	0.964794838515104	0.959854767940976	0.927099318995634	0.863382624347786	0.938042545072975	0.928297520396138	0.942537828242069
Toti_Illumina_V1_V3_EMU_EMUdb_Q_3	0.842390677281643	0.833122988342656	0.831009841497143	0.843767274253927	0.85632093108987	0.803243585045305	0.785338706341696	0.852062225314712	0.729451242733655	0.766736447613052	0.690494822234395	0.712635334263999	0.860642214836345	0.920661288399634	0.808257852685634	0.981287349102698	0.881731450080125	0.757933099266944	0.995467965473795	0.849502767373541	0.562503907290135	0.573461086738747	0	0.99883188575089	0.667850575246795	0.78681107271367	0.479067936586345	0.959943982620249	0.799050334769555	0.789223211544366	0.817390541113826	0.818903758482321	0.826129647222346	0.709402959604086	0.76717014893953	0.829490096502928	0.654388833170758	0.673310420785838	0.658818496057805	0.677259709591519	0.960984816522214	0.982906522501378	0.958036944093285	0.948616069337789	0.986877709300537	0.946002365396319	0.93401615461357	0.934100727939871	0.999943444245452	0.999849196026315	0.999830342331473	0.99966071344423	0.877991483971739	0.946869492825034	0.896024347190517	0.922126650863529	0.943155238212483	0.941202850965004	0.941242733454477	0.933454094765945	0.959488347643245	0.944813719299412	0.935176719109626	0.926326415596802	0.728649707273371	0.874867461108737	0.840539597250067	0.881755426440689
Toti_Illumina_V1_V3_EMU_EMUdb_Q_4	0.997047363198528	0.995696919711694	0.996596959218398	0.996801734652392	0.997384937238494	0.996379762874468	0.997684104364716	0.99661143497114	0.996319647651513	0.996012811294856	0.99737998647735	0.997751790408848	0.99951486563644	0.994746148017176	0.999471667134038	0.966207203201423	0.999698123722831	0.999487597898363	0.81437125748503	0.999801249680853	0.999594924278459	0.999630421879025	0.99883188575089	0	0.997130752504988	0.996270939548434	0.999150903960706	0.982136211388165	0.99770650825281	0.996674533361939	0.996025799726367	0.996682709302009	0.997599417563606	0.997864131183685	0.997303644428981	0.996430974460989	0.996763917682156	0.997136337196295	0.996895690345112	0.997594165852192	0.999747196514683	0.999961603329759	0.999849049578408	0.999784133448702	0.994195132842152	0.999843110593957	0.999717135239999	0.999678558197311	0.942857142857143	0.743589743589744	0.894736842105263	0.811764705882353	0.999878218015288	0.999910446618602	0.999880512677701	0.999888390781078	0.99590780023384	0.994694960212202	0.993717545996538	0.997550580512419	0.988177339901478	0.9931640625	0.995203376822717	0.998196540965572	0.996945037001922	0.994498477257098	0.993481929814351	0.993918662105663
Toti_Illumina_V1_V3_EMU_EMUdb_Z_1	0.463191757191477	0.436570670499143	0.421664709880739	0.468588703731013	0.461804902340508	0.391734515098423	0.379310344827586	0.448650693568726	0.256202818643238	0.315324675324675	0.246598769130222	0.264392966115304	0.750694524458783	0.546085387104805	0.725987319900597	0.909686256045884	0.838494518192361	0.709058836154857	0.988351074512954	0.880672350708024	0.827629596427086	0.835504841388205	0.667850575246795	0.997130752504988	0	0.283571482957285	0.581791771476002	0.80574110850334	0.545863152829397	0.519280865896166	0.540964416361822	0.551357471632166	0.55768221788495	0.456077555518711	0.504095506549494	0.547800661072972	0.36690031059966	0.431477432015699	0.402333450005834	0.418556321085984	0.912037661271992	0.976013866086515	0.924597350614696	0.900019321225365	0.825394231554866	0.917481624074717	0.879438797716275	0.861390324438192	0.99986531079534	0.999551116597464	0.999595986802235	0.999192136798169	0.926251305648872	0.945292437475772	0.927733487087939	0.928365561953348	0.614497625137011	0.589748448529063	0.597043744590186	0.588877296226393	0.720402304313934	0.59947630625882	0.576027554535017	0.584452494846186	0.254099553658063	0.466275931209995	0.503211157963023	0.483607339332846
Toti_Illumina_V1_V3_EMU_EMUdb_Z_2	0.487299695404582	0.458068881085086	0.445355307310028	0.477618659088991	0.47511832065835	0.447533339273516	0.455171313287893	0.446634016286551	0.360617760617761	0.289354674404606	0.367165936775476	0.338235623307143	0.778281561302365	0.518801170673878	0.773001056207359	0.885126234906696	0.854299734742304	0.765472493730418	0.984822592324403	0.904567631102549	0.881646188370698	0.893176272182545	0.78681107271367	0.996270939548434	0.283571482957285	0	0.657193197896367	0.757614052824466	0.619248154717629	0.604499223548175	0.599839726301839	0.607597790553489	0.598268479744036	0.614838422929743	0.602514374087978	0.592739930382894	0.535507492033358	0.472828911508575	0.517819261773441	0.508392928657246	0.9042698695929	0.981014489175689	0.929004744595093	0.902360656848955	0.777812257564003	0.927652582218379	0.876580966882043	0.858739505640601	0.999824873763171	0.999416382152966	0.999474713280999	0.998949702415684	0.942959167772072	0.957675284034845	0.944400806748026	0.944071009608147	0.615886066151809	0.58741351030335	0.603454508937538	0.599210845541677	0.665051641417126	0.598161848043357	0.569832300732208	0.563342257920571	0.463983814195837	0.346752461090029	0.437186125277378	0.381843065693431
Toti_Illumina_V1_V3_EMU_EMUdb_Z_3	0.671232030634776	0.715786505360589	0.67006673424565	0.682258446791141	0.653008679560289	0.677493189767727	0.611530508975222	0.680414072942016	0.696613456981823	0.725660245794474	0.623850462810412	0.576043243243243	0.644364833692453	0.773889387318033	0.47664193149837	0.97231009090382	0.643727831942564	0.535193777863021	0.996634138704796	0.670412374838456	0.653341965395178	0.664550882709249	0.479067936586345	0.999150903960706	0.581791771476002	0.657193197896367	0	0.932968726317385	0.645350303641761	0.671435629513608	0.708920443408759	0.68503322845684	0.647599746799417	0.59198392615128	0.639702851858181	0.698962880637767	0.65207454655004	0.632545480300302	0.640345411759859	0.592712951196562	0.826603170253343	0.949336854733987	0.855491896579189	0.816722130605232	0.943969158267121	0.834134489671402	0.777720412819798	0.765225952090696	0.999960794563513	0.999856254247034	0.999882388301556	0.999764790434811	0.82893535852211	0.877530129375352	0.834356369206634	0.83843015918251	0.767994212007823	0.785915492957746	0.82046521009201	0.715370802286941	0.905928363026879	0.838535378288884	0.77309599696234	0.670567462659355	0.670191315642005	0.791689744299825	0.823065123741574	0.804722645241471
Toti_Illumina_V1_V3_EMU_EMUdb_Z_4	0.815760647780236	0.761704953663175	0.794999760065262	0.801495194019224	0.828860898138007	0.78221793836455	0.848867869962404	0.78778423982228	0.776185886582094	0.75534349015012	0.83065743418049	0.850848580180478	0.961538320760449	0.656401038546036	0.957850670720303	0.656295900654293	0.975649261264568	0.959412543879636	0.912091855041263	0.983901766498263	0.975379411364975	0.977875520137747	0.959943982620249	0.982136211388165	0.80574110850334	0.757614052824466	0.932968726317385	0	0.860697539103946	0.827266741911211	0.798208024931827	0.824499607301806	0.854087511817485	0.872219413549039	0.841375810103849	0.801638637343683	0.84645264990847	0.841283191157035	0.840208292987326	0.850797344466498	0.980959207529635	0.996886131369607	0.987963054374952	0.983052327498178	0.558184998456631	0.987526457259353	0.977930989519665	0.974796957586696	0.998870056497175	0.997743512598721	0.996613995485327	0.993239436619718	0.990494922580714	0.993002318890214	0.990652028222246	0.991112715425483	0.743182129642319	0.69431299294313	0.664379288833437	0.820431554725828	0.560329341317365	0.611565181855333	0.691965654707145	0.861820099194253	0.83184837194233	0.682943979998437	0.688534094456585	0.654224965126601
Toti_Illumina_V3_V4_EMU_EMUdb_I_1	0.352673793958402	0.493372206505491	0.406355449283783	0.390006114168195	0.380401827222379	0.436820675815189	0.342907798091986	0.428467394149039	0.564593023930216	0.593918095101485	0.56361318085827	0.552483481957215	0.727910736480109	0.573673735502025	0.680218777267758	0.925617892205609	0.796671490593343	0.714754194551565	0.99086039629921	0.86019879883532	0.886125222669394	0.899518311946644	0.799050334769555	0.99770650825281	0.545863152829397	0.619248154717629	0.645350303641761	0.860697539103946	0	0.200867755788728	0.27046968647771	0.183098277992364	0.126134711833733	0.154595197811296	0.142738874081254	0.244271746730397	0.422182391431101	0.408314409050922	0.394652837432259	0.348452909734247	0.859062373871834	0.971475595210191	0.897351840693	0.865268433507018	0.876257842506821	0.893364957881481	0.834067686170491	0.814645036605451	0.999887069452287	0.999585983665174	0.999661246612466	0.999322607959356	0.91683725810321	0.939407766105658	0.91562915109362	0.92021023895625	0.491377519218782	0.585203726880823	0.628511921233924	0.386553905800652	0.784373978424322	0.676123212060063	0.572387292309358	0.460339695324812	0.574145071459173	0.636546895856602	0.630625115669889	0.643969388754425
Toti_Illumina_V3_V4_EMU_EMUdb_I_2	0.392810265951346	0.396964991313172	0.371371888248723	0.389809450498994	0.432913465475302	0.339753346325088	0.42924242257186	0.371910471400586	0.516805826209408	0.544810485299327	0.542624464382945	0.545656436533816	0.803199386472907	0.465521782647632	0.760256487212714	0.898941704946324	0.854410274608054	0.792024369028505	0.98719590268886	0.899615329530511	0.894545464562461	0.902865200168392	0.789223211544366	0.996674533361939	0.519280865896166	0.604499223548175	0.671435629513608	0.827266741911211	0.200867755788728	0	0.11192006130991	0.0791954660426614	0.238078999715828	0.223673983825228	0.125351807750595	0.129876501675148	0.329039995828336	0.373967648927332	0.332618929159172	0.337391265853605	0.903483767102813	0.980452342743306	0.928954702283453	0.905617204533153	0.835563135013091	0.925007231703789	0.879519273491769	0.870100185528757	0.999838813668601	0.99940911044263	0.999516518936342	0.999033271570128	0.938631774539094	0.956511556101654	0.938773174958904	0.942797756788878	0.443389741743314	0.473966145275337	0.531818095653328	0.489638368812516	0.717630428060255	0.589085259273645	0.475914623633668	0.553383799660918	0.5169384359401	0.598588120740019	0.571857113937096	0.578413201130086
