intersect_bp,f_orig_query,f_match,f_unique_to_query,f_unique_weighted,average_abund,median_abund,std_abund,filename,name,md5,f_match_orig,unique_intersect_bp,gather_result_rank,remaining_bp,query_filename,query_name,query_md5,query_bp,ksize,moltype,scaled,query_n_hashes,query_abundance,query_containment_ani,match_containment_ani,average_containment_ani,max_containment_ani,potential_false_negative,n_unique_weighted_found,sum_weighted_found,total_weighted_hashes
3714000,0.2856263939090979,0.7249658403279329,0.2856263939090979,0.47936962750716333,3.603661820140011,3.0,2.615793865009914,/mnt/k/data/databases/sourmash/genbank-2022.03-bacteria-k31.zip,"GCA_020091465.1 Phocaeicola vulgatus strain=BFG-191, ASM2009146v1",cfcaa7d93ee12c43b81dc72fd8321792,0.7249658403279329,3714000,0,9289000,fastq_host_removed/Toti_MySeq_20220331_Q2_S2_L001_unmapped.fastq,Toti_MySeq_20220331_Q2_S2_L001_unmapped.fastq,e40d719a,13003000,31,DNA,1000,13003,True,0.9603844235705823,0.9896784513508363,0.9750314374607093,0.9896784513508363,False,13384,13384,27920
1125000,0.08651849573175421,0.5102040816326531,0.08651849573175421,0.0726002865329513,1.8017777777777777,1.0,1.1596154322090078,/mnt/k/data/databases/sourmash/genbank-2022.03-bacteria-k31.zip,"GCA_900543175.1 uncultured Fusobacterium sp., UMGS539",499c14474fcdb727bf3de72e4abeaee9,0.5102040816326531,1125000,1,8164000,fastq_host_removed/Toti_MySeq_20220331_Q2_S2_L001_unmapped.fastq,Toti_MySeq_20220331_Q2_S2_L001_unmapped.fastq,e40d719a,13003000,31,DNA,1000,13003,True,0.9240877055668154,0.978526034231594,0.9513068698992047,0.978526034231594,False,2027,15411,27920
1194000,0.09182496346996846,0.28117505995203834,0.07213719910789818,0.048244985673352433,1.4360341151385927,1.0,0.8315872554589212,/mnt/k/data/databases/sourmash/genbank-2022.03-bacteria-k31.zip,"GCA_900766005.1 uncultured Bacteroides sp., SRS295019_2",24e5a198308319a8b4e51d7f4d35b209,0.3579136690647482,938000,2,7226000,fastq_host_removed/Toti_MySeq_20220331_Q2_S2_L001_unmapped.fastq,Toti_MySeq_20220331_Q2_S2_L001_unmapped.fastq,e40d719a,13003000,31,DNA,1000,13003,True,0.9258638369122002,0.9673992606216051,0.9466315487669026,0.9673992606216051,False,1347,16758,27920
886000,0.06813812197185265,0.4090489381348107,0.06813812197185265,0.045200573065902576,1.4243792325056432,1.0,0.8853162629976246,/mnt/k/data/databases/sourmash/genbank-2022.03-bacteria-k31.zip,"GCA_900110235.1 Megamonas sp. Calf98-2 strain=Calf98-2, IMG-taxon 2651870363 annotated assembly",84f38a6d24c77784d0e7ad2456e549bf,0.4090489381348107,886000,3,6340000,fastq_host_removed/Toti_MySeq_20220331_Q2_S2_L001_unmapped.fastq,Toti_MySeq_20220331_Q2_S2_L001_unmapped.fastq,e40d719a,13003000,31,DNA,1000,13003,True,0.9169959646187335,0.9715756495181451,0.9442858070684392,0.9715756495181451,False,1262,18020,27920
326000,0.025071137429823885,0.12438000763067532,0.025071137429823885,0.012858166189111748,1.1012269938650308,1.0,0.3213254241861146,/mnt/k/data/databases/sourmash/genbank-2022.03-bacteria-k31.zip,"GCA_018368995.1 Sutterella wadsworthensis, ASM1836899v1",d102750e3a18d8ce1336a0ac2ad3dce2,0.12438000763067532,326000,4,6014000,fastq_host_removed/Toti_MySeq_20220331_Q2_S2_L001_unmapped.fastq,Toti_MySeq_20220331_Q2_S2_L001_unmapped.fastq,e40d719a,13003000,31,DNA,1000,13003,True,0.8878926334844286,0.9349715709591467,0.9114321022217877,0.9349715709591467,False,359,18379,27920
321000,0.0246866107821272,0.14584279872785097,0.0246866107821272,0.012679083094555874,1.102803738317757,1.0,0.32356790461305385,/mnt/k/data/databases/sourmash/genbank-2022.03-bacteria-k31.zip,"GCA_905207885.1 uncultured Faecalibacterium sp., SRR2912784-mag-bin.20",70a26e7581a1cb1091083e0a448b6c8c,0.14584279872785097,321000,5,5693000,fastq_host_removed/Toti_MySeq_20220331_Q2_S2_L001_unmapped.fastq,Toti_MySeq_20220331_Q2_S2_L001_unmapped.fastq,e40d719a,13003000,31,DNA,1000,13003,True,0.8874500503487593,0.9397850846835142,0.9136175675161368,0.9397850846835142,False,354,18733,27920
3408000,0.26209336307006076,0.0500277932184547,0.02076443897562101,0.03427650429799427,3.5444444444444443,3.0,1.9196514601341206,/mnt/k/data/databases/sourmash/genbank-2022.03-bacteria-k31.zip,"GCA_009101815.1 Bacteroides vulgatus strain=BIOML-A141, ASM910181v1",5025f2518c1839dc8c0a17e638b1380c,0.631461923290717,270000,6,5423000,fastq_host_removed/Toti_MySeq_20220331_Q2_S2_L001_unmapped.fastq,Toti_MySeq_20220331_Q2_S2_L001_unmapped.fastq,e40d719a,13003000,31,DNA,1000,13003,True,0.9577243223357602,0.9852798158784111,0.9715020691070857,0.9852798158784111,False,957,19690,27920
947000,0.07282934707375222,0.07937743190661478,0.015688687226024765,0.012213467048710602,1.6715686274509804,1.0,1.0455205524916427,/mnt/k/data/databases/sourmash/genbank-2022.03-bacteria-k31.zip,"GCA_905213925.1 uncultured Fusobacterium sp., SRR7721872-mag-bin.6",9fa303276d44cd196f9a9fcc9502b0b0,0.36848249027237356,204000,7,5219000,fastq_host_removed/Toti_MySeq_20220331_Q2_S2_L001_unmapped.fastq,Toti_MySeq_20220331_Q2_S2_L001_unmapped.fastq,e40d719a,13003000,31,DNA,1000,13003,True,0.9189676152938677,0.9683078372832769,0.9436377262885722,0.9683078372832769,False,341,20031,27920
191000,0.014688917942013381,0.09720785935884178,0.01445820195339537,0.007055873925501432,1.047872340425532,1.0,0.21349608766371783,/mnt/k/data/databases/sourmash/genbank-2022.03-bacteria-k31.zip,"GCA_905193185.1 uncultured Fusobacterium sp., ERR1600647-mag-bin.28",dc7d37d18d6d540f6391f928c6557eae,0.09875904860392969,188000,8,5031000,fastq_host_removed/Toti_MySeq_20220331_Q2_S2_L001_unmapped.fastq,Toti_MySeq_20220331_Q2_S2_L001_unmapped.fastq,e40d719a,13003000,31,DNA,1000,13003,True,0.872711379468325,0.9280406438207168,0.900376011644521,0.9280406438207168,False,197,20228,27920
181000,0.013919864646620012,0.07031963470319634,0.01184342074905791,0.006626074498567335,1.2012987012987013,1.0,0.97620967336016,/mnt/k/data/databases/sourmash/genbank-2022.03-bacteria-k31.zip,"GCA_018365155.1 Fusobacterium sp., ASM1836515v1",c6fe62fb74dd8457a7de7f43b285b02d,0.08264840182648402,154000,9,4877000,fastq_host_removed/Toti_MySeq_20220331_Q2_S2_L001_unmapped.fastq,Toti_MySeq_20220331_Q2_S2_L001_unmapped.fastq,e40d719a,13003000,31,DNA,1000,13003,True,0.871198779772265,0.9227245579808065,0.8969616688765358,0.9227245579808065,False,185,20413,27920
3272000,0.2516342382527109,0.029376012965964343,0.011151272783203875,0.02156160458452722,4.151724137931034,4.0,2.4135566386637897,/mnt/k/data/databases/sourmash/genbank-2022.03-bacteria-k31.zip,"GCA_015553265.1 Phocaeicola vulgatus strain=BSD2780120875b_170604_A6, ASM1555326v1",f9500c353dbfc688277d2cbf0c1c7912,0.6628849270664505,145000,10,4732000,fastq_host_removed/Toti_MySeq_20220331_Q2_S2_L001_unmapped.fastq,Toti_MySeq_20220331_Q2_S2_L001_unmapped.fastq,e40d719a,13003000,31,DNA,1000,13003,True,0.95646700168417,0.9868245384008828,0.9716457700425264,0.9868245384008828,False,602,21015,27920
200000,0.015381065907867416,0.03767660910518053,0.007382911635776359,0.004477077363896848,1.3020833333333333,1.0,0.7516619318032691,/mnt/k/data/databases/sourmash/genbank-2022.03-bacteria-k31.zip,"GCA_900755635.1 Fusobacteriaceae bacterium, ERS473221_41",36d6e9b9ad96700e3b8cd307b3c70015,0.07849293563579278,96000,11,4636000,fastq_host_removed/Toti_MySeq_20220331_Q2_S2_L001_unmapped.fastq,Toti_MySeq_20220331_Q2_S2_L001_unmapped.fastq,e40d719a,13003000,31,DNA,1000,13003,True,0.874008570616315,0.921190336126605,0.89759945337146,0.921190336126605,False,125,21140,27920
1041000,0.0800584480504499,0.037914691943127965,0.006767668999461663,0.005623209169054441,1.7840909090909092,1.0,1.0050877803858684,/mnt/k/data/databases/sourmash/genbank-2022.03-bacteria-k31.zip,"GCA_018371105.1 Fusobacterium sp., ASM1837110v1",8d5c698efba6025f36052f114c7caf25,0.44851357173632056,88000,12,4548000,fastq_host_removed/Toti_MySeq_20220331_Q2_S2_L001_unmapped.fastq,Toti_MySeq_20220331_Q2_S2_L001_unmapped.fastq,e40d719a,13003000,31,DNA,1000,13003,True,0.9217773611415252,0.9744665916763426,0.9481219764089339,0.9744665916763426,False,157,21297,27920
847000,0.0651388141198185,0.037483843171046964,0.006690763669922326,0.004548710601719198,1.4597701149425288,1.0,1.1527538013223833,/mnt/k/data/databases/sourmash/genbank-2022.03-bacteria-k31.zip,"GCA_020181475.1 Megamonas funiformis strain=NBRC 114415, ASM2018147v1",a39f185fc49b93265fe933249aa6be17,0.36492890995260663,87000,13,4461000,fastq_host_removed/Toti_MySeq_20220331_Q2_S2_L001_unmapped.fastq,Toti_MySeq_20220331_Q2_S2_L001_unmapped.fastq,e40d719a,13003000,31,DNA,1000,13003,True,0.9156653269529376,0.9680051907187551,0.9418352588358463,0.9680051907187551,False,127,21424,27920
77000,0.005921710374528955,0.03153526970954357,0.005844805044989618,0.0029369627507163324,1.0789473684210527,1.0,0.2696565991041999,/mnt/k/data/databases/sourmash/genbank-2022.03-bacteria-k31.zip,"GCA_009881245.1 Catenibacterium sp. BIOML-A1 strain=BIOML-A1, ASM988124v1",e88de87972ff05d9b12b19a0a8d4c07c,0.031950207468879666,76000,14,4385000,fastq_host_removed/Toti_MySeq_20220331_Q2_S2_L001_unmapped.fastq,Toti_MySeq_20220331_Q2_S2_L001_unmapped.fastq,e40d719a,13003000,31,DNA,1000,13003,True,0.8475073179030963,0.8948643680419803,0.8711858429725383,0.8948643680419803,False,82,21506,27920
72000,0.005537183726832269,0.03783499737256963,0.005537183726832269,0.0027220630372492838,1.0555555555555556,1.0,0.2290614236454256,/mnt/k/data/databases/sourmash/genbank-2022.03-bacteria-k31.zip,"GCA_008693005.1 Helicobacter canis strain=CCUG 32756T, ASM869300v1",1dba5c3370c07a5ee462e611a896a582,0.03783499737256963,72000,15,4313000,fastq_host_removed/Toti_MySeq_20220331_Q2_S2_L001_unmapped.fastq,Toti_MySeq_20220331_Q2_S2_L001_unmapped.fastq,e40d719a,13003000,31,DNA,1000,13003,True,0.8456737863791615,0.8997577652949097,0.8727157758370356,0.8997577652949097,False,76,21582,27920
459000,0.03529954625855572,0.02857142857142857,0.00499884642005691,0.003689111747851003,1.5846153846153845,1.0,0.89257290488371,/mnt/k/data/databases/sourmash/genbank-2022.03-bacteria-k31.zip,"GCA_905200055.1 uncultured Fusobacterium sp., SRR5580158-mag-bin.27",6bab714d5ab96e92dcfa504118e41a70,0.20175824175824175,65000,16,4248000,fastq_host_removed/Toti_MySeq_20220331_Q2_S2_L001_unmapped.fastq,Toti_MySeq_20220331_Q2_S2_L001_unmapped.fastq,e40d719a,13003000,31,DNA,1000,13003,True,0.8977467522696664,0.9496754314074122,0.9237110918385393,0.9496754314074122,False,103,21685,27920
63000,0.004845035760978235,0.024343122102009274,0.004845035760978235,0.0023638968481375358,1.0476190476190477,1.0,0.27766437594501436,/mnt/k/data/databases/sourmash/genbank-2022.03-bacteria-k31.zip,"GCA_018374545.1 Firmicutes bacterium, ASM1837454v1",6820a69876ef4c62a72550610dc16855,0.024343122102009274,63000,17,4185000,fastq_host_removed/Toti_MySeq_20220331_Q2_S2_L001_unmapped.fastq,Toti_MySeq_20220331_Q2_S2_L001_unmapped.fastq,e40d719a,13003000,31,DNA,1000,13003,True,0.8420389109216058,0.8870490229152665,0.8645439669184362,0.8870490229152665,False,66,21751,27920
56000,0.004306698454202876,0.03476101800124146,0.004306698454202876,0.0020773638968481375,1.0357142857142858,1.0,0.18557687223952257,/mnt/k/data/databases/sourmash/genbank-2022.03-bacteria-k31.zip,"GCA_005171705.1 Campylobacter upsaliensis strain=PNUSAC003401, PDT000272976.2",85215f24934b1b45a66b2d58f49c48b4,0.03476101800124146,56000,18,4129000,fastq_host_removed/Toti_MySeq_20220331_Q2_S2_L001_unmapped.fastq,Toti_MySeq_20220331_Q2_S2_L001_unmapped.fastq,e40d719a,13003000,31,DNA,1000,13003,True,0.8388456939348079,0.8973016519765555,0.8680736729556817,0.8973016519765555,False,58,21809,27920
3333000,0.2563254633546105,0.011219910240718074,0.004229793124663539,0.006232091690544413,3.1636363636363636,3.0,2.3722918444072856,/mnt/k/data/databases/sourmash/genbank-2022.03-bacteria-k31.zip,"GCA_021411185.1 Phocaeicola vulgatus strain=BJH_199, ASM2141118v1",e2d82e69dceaef46a6444dc99b0b0a50,0.6799265605875153,55000,19,4074000,fastq_host_removed/Toti_MySeq_20220331_Q2_S2_L001_unmapped.fastq,Toti_MySeq_20220331_Q2_S2_L001_unmapped.fastq,e40d719a,13003000,31,DNA,1000,13003,True,0.9570370833157739,0.9876328997679473,0.9723349915418606,0.9876328997679473,False,174,21983,27920
53000,0.004075982465584865,0.016661326497917333,0.003999077136045528,0.0018982808022922637,1.0192307692307692,1.0,0.13733516208736252,/mnt/k/data/databases/sourmash/genbank-2022.03-bacteria-k31.zip,"GCA_905201805.1 uncultured Eubacterium sp., ERR414356-mag-bin.39",090cbec0bf6382945cd93c0fff1da5f0,0.016981736622877282,52000,20,4022000,fastq_host_removed/Toti_MySeq_20220331_Q2_S2_L001_unmapped.fastq,Toti_MySeq_20220331_Q2_S2_L001_unmapped.fastq,e40d719a,13003000,31,DNA,1000,13003,True,0.8373571241055668,0.8768042544057423,0.8570806892556546,0.8768042544057423,False,53,22036,27920
53000,0.004075982465584865,0.012360939431396786,0.003845266476966854,0.001826647564469914,1.02,1.0,0.13999999999999999,/mnt/k/data/databases/sourmash/genbank-2022.03-bacteria-k31.zip,"GCA_015561245.1 [Ruminococcus] gnavus strain=D31t1_170403_H6, ASM1556124v1",53a80d6392bd82b6fa0dbdcf25c27f93,0.013102595797280594,50000,21,3972000,fastq_host_removed/Toti_MySeq_20220331_Q2_S2_L001_unmapped.fastq,Toti_MySeq_20220331_Q2_S2_L001_unmapped.fastq,e40d719a,13003000,31,DNA,1000,13003,True,0.8373571241055668,0.8695000107953,0.8534285674504334,0.8695000107953,False,51,22087,27920
