intersect_bp,f_orig_query,f_match,f_unique_to_query,f_unique_weighted,average_abund,median_abund,std_abund,filename,name,md5,f_match_orig,unique_intersect_bp,gather_result_rank,remaining_bp,query_filename,query_name,query_md5,query_bp,ksize,moltype,scaled,query_n_hashes,query_abundance,query_containment_ani,match_containment_ani,average_containment_ani,max_containment_ani,potential_false_negative,n_unique_weighted_found,sum_weighted_found,total_weighted_hashes
3810000,0.2400453629032258,0.7437048604333398,0.2400453629032258,0.44518178208836706,4.120209973753281,4.0,2.8571843339406273,/mnt/k/data/databases/sourmash/genbank-2022.03-bacteria-k31.zip,"GCA_020091465.1 Phocaeicola vulgatus strain=BFG-191, ASM2009146v1",cfcaa7d93ee12c43b81dc72fd8321792,0.7437048604333398,3810000,0,12062000,fastq_host_removed/Toti_MySeq_20220331_Q4_S4_L001_unmapped.fastq,Toti_MySeq_20220331_Q4_S4_L001_unmapped.fastq,6a36936e,15872000,31,DNA,1000,15872,True,0.9550133926485328,0.9904935068889882,0.9727534497687604,0.9904935068889882,False,15698,15698,35262
1244000,0.07837701612903226,0.5320786997433704,0.07837701612903226,0.0725143213657762,2.055466237942122,2.0,1.1195331011701932,/mnt/k/data/databases/sourmash/genbank-2022.03-bacteria-k31.zip,"GCA_900540455.1 uncultured Faecalibacterium sp., UMGS253",51287ebe69151b58fddffedffa783845,0.5320786997433704,1244000,1,10818000,fastq_host_removed/Toti_MySeq_20220331_Q4_S4_L001_unmapped.fastq,Toti_MySeq_20220331_Q4_S4_L001_unmapped.fastq,6a36936e,15872000,31,DNA,1000,15872,True,0.9211464199863544,0.9798520646168135,0.9504992423015839,0.9798520646168135,False,2557,18255,35262
1304000,0.08215725806451613,0.31384892086330934,0.06596522177419355,0.04333276615053032,1.4594078319006685,1.0,0.7769511796038728,/mnt/k/data/databases/sourmash/genbank-2022.03-bacteria-k31.zip,"GCA_900766005.1 uncultured Bacteroides sp., SRS295019_2",24e5a198308319a8b4e51d7f4d35b209,0.3908872901678657,1047000,2,9771000,fastq_host_removed/Toti_MySeq_20220331_Q4_S4_L001_unmapped.fastq,Toti_MySeq_20220331_Q4_S4_L001_unmapped.fastq,6a36936e,15872000,31,DNA,1000,15872,True,0.9225471650017648,0.970153316266862,0.9463502406343134,0.970153316266862,False,1528,19783,35262
995000,0.06268901209677419,0.4512471655328798,0.06268901209677419,0.04557313822244909,1.6150753768844222,1.0,1.1331345191721198,/mnt/k/data/databases/sourmash/genbank-2022.03-bacteria-k31.zip,"GCA_900543175.1 uncultured Fusobacterium sp., UMGS539",499c14474fcdb727bf3de72e4abeaee9,0.4512471655328798,995000,3,8776000,fastq_host_removed/Toti_MySeq_20220331_Q4_S4_L001_unmapped.fastq,Toti_MySeq_20220331_Q4_S4_L001_unmapped.fastq,6a36936e,15872000,31,DNA,1000,15872,True,0.9145337206946713,0.9746576148685543,0.9445956677816127,0.9746576148685543,False,1607,21390,35262
707000,0.04454385080645161,0.33364794714487966,0.04454385080645161,0.02810390788951279,1.4016973125884018,1.0,0.8307372734951209,/mnt/k/data/databases/sourmash/genbank-2022.03-bacteria-k31.zip,"GCA_900128435.1 Megamonas funiformis strain=Marseille-P3344, PRJEB18027",f28b8075f664655ff47e5e63208a6070,0.33364794714487966,707000,4,8069000,fastq_host_removed/Toti_MySeq_20220331_Q4_S4_L001_unmapped.fastq,Toti_MySeq_20220331_Q4_S4_L001_unmapped.fastq,6a36936e,15872000,31,DNA,1000,15872,True,0.9045081999109507,0.9652108791044203,0.9348595395076855,0.9652108791044203,False,991,22381,35262
348000,0.021925403225806453,0.14398340248962654,0.021862399193548387,0.011683965742158698,1.1873198847262247,1.0,0.6975135078542779,/mnt/k/data/databases/sourmash/genbank-2022.03-bacteria-k31.zip,"GCA_009881245.1 Catenibacterium sp. BIOML-A1 strain=BIOML-A1, ASM988124v1",e88de87972ff05d9b12b19a0a8d4c07c,0.14439834024896264,347000,5,7722000,fastq_host_removed/Toti_MySeq_20220331_Q4_S4_L001_unmapped.fastq,Toti_MySeq_20220331_Q4_S4_L001_unmapped.fastq,6a36936e,15872000,31,DNA,1000,15872,True,0.8840608942109689,0.9394833836431256,0.9117721389270472,0.9394833836431256,False,412,22793,35262
347000,0.021862399193548387,0.13239221671117893,0.021862399193548387,0.011286937780046509,1.1469740634005763,1.0,0.4210058039212309,/mnt/k/data/databases/sourmash/genbank-2022.03-bacteria-k31.zip,"GCA_018368995.1 Sutterella wadsworthensis, ASM1836899v1",d102750e3a18d8ce1336a0ac2ad3dce2,0.13239221671117893,347000,6,7375000,fastq_host_removed/Toti_MySeq_20220331_Q4_S4_L001_unmapped.fastq,Toti_MySeq_20220331_Q4_S4_L001_unmapped.fastq,6a36936e,15872000,31,DNA,1000,15872,True,0.8839788315075775,0.9368563016880049,0.9104175665977912,0.9368563016880049,False,398,23191,35262
3494000,0.2201360887096774,0.05113952195664258,0.017389112903225805,0.031592082128069875,4.036231884057971,4.0,2.1582649374978695,/mnt/k/data/databases/sourmash/genbank-2022.03-bacteria-k31.zip,"GCA_009101815.1 Bacteroides vulgatus strain=BIOML-A141, ASM910181v1",5025f2518c1839dc8c0a17e638b1380c,0.6473967018714101,276000,7,7099000,fastq_host_removed/Toti_MySeq_20220331_Q4_S4_L001_unmapped.fastq,Toti_MySeq_20220331_Q4_S4_L001_unmapped.fastq,6a36936e,15872000,31,DNA,1000,15872,True,0.9523497931494173,0.9860722231322882,0.9692110081408527,0.9860722231322882,False,1114,24305,35262
233000,0.014679939516129033,0.09440130772374336,0.014553931451612902,0.00725993987862288,1.1082251082251082,1.0,0.3499806568209132,/mnt/k/data/databases/sourmash/genbank-2022.03-bacteria-k31.zip,"GCA_019012965.1 Erysipelotrichaceae bacterium, ASM1901296v1",d530262de7110fe04ed0573e215b9b39,0.09521863506334287,231000,8,6868000,fastq_host_removed/Toti_MySeq_20220331_Q4_S4_L001_unmapped.fastq,Toti_MySeq_20220331_Q4_S4_L001_unmapped.fastq,6a36936e,15872000,31,DNA,1000,15872,True,0.872694166814998,0.9269483736985291,0.8998212702567636,0.9269483736985291,False,256,24561,35262
214000,0.013482862903225807,0.0954337899543379,0.013167842741935484,0.007458453859678974,1.2583732057416268,1.0,1.0761615442534245,/mnt/k/data/databases/sourmash/genbank-2022.03-bacteria-k31.zip,"GCA_018365155.1 Fusobacterium sp., ASM1836515v1",c6fe62fb74dd8457a7de7f43b285b02d,0.09771689497716896,209000,9,6659000,fastq_host_removed/Toti_MySeq_20220331_Q4_S4_L001_unmapped.fastq,Toti_MySeq_20220331_Q4_S4_L001_unmapped.fastq,6a36936e,15872000,31,DNA,1000,15872,True,0.870302820346025,0.9277231118751389,0.8990129661105819,0.9277231118751389,False,263,24824,35262
1212000,0.07636088709677419,0.08314402544298047,0.011529737903225807,0.011060064658839543,2.1311475409836067,2.0,1.2432384536156362,/mnt/k/data/databases/sourmash/genbank-2022.03-bacteria-k31.zip,"GCA_905207885.1 uncultured Faecalibacterium sp., SRR2912784-mag-bin.20",70a26e7581a1cb1091083e0a448b6c8c,0.550658791458428,183000,10,6476000,fastq_host_removed/Toti_MySeq_20220331_Q4_S4_L001_unmapped.fastq,Toti_MySeq_20220331_Q4_S4_L001_unmapped.fastq,6a36936e,15872000,31,DNA,1000,15872,True,0.9203723849272506,0.9809375814945377,0.9506549832108941,0.9809375814945377,False,390,25214,35262
839000,0.05286038306451613,0.06964980544747082,0.011277721774193549,0.0076853269808859394,1.5139664804469273,1.0,0.7350562772468615,/mnt/k/data/databases/sourmash/genbank-2022.03-bacteria-k31.zip,"GCA_905213925.1 uncultured Fusobacterium sp., SRR7721872-mag-bin.6",9fa303276d44cd196f9a9fcc9502b0b0,0.3264591439688716,179000,11,6297000,fastq_host_removed/Toti_MySeq_20220331_Q4_S4_L001_unmapped.fastq,Toti_MySeq_20220331_Q4_S4_L001_unmapped.fastq,6a36936e,15872000,31,DNA,1000,15872,True,0.9095166524721019,0.9645329296594491,0.9370247910657755,0.9645329296594491,False,271,25485,35262
3360000,0.21169354838709678,0.028970826580226903,0.009009576612903226,0.017412512052634565,4.293706293706293,4.0,2.0647970754259757,/mnt/k/data/databases/sourmash/genbank-2022.03-bacteria-k31.zip,"GCA_015553265.1 Phocaeicola vulgatus strain=BSD2780120875b_170604_A6, ASM1555326v1",f9500c353dbfc688277d2cbf0c1c7912,0.6807131280388979,143000,12,6154000,fastq_host_removed/Toti_MySeq_20220331_Q4_S4_L001_unmapped.fastq,Toti_MySeq_20220331_Q4_S4_L001_unmapped.fastq,6a36936e,15872000,31,DNA,1000,15872,True,0.9511491693899147,0.987669735120753,0.9694094522553338,0.987669735120753,False,614,26099,35262
234000,0.014742943548387098,0.049843014128728415,0.008001512096774193,0.004622539844591912,1.2834645669291338,1.0,0.8685007245748372,/mnt/k/data/databases/sourmash/genbank-2022.03-bacteria-k31.zip,"GCA_900755635.1 Fusobacteriaceae bacterium, ERS473221_41",36d6e9b9ad96700e3b8cd307b3c70015,0.09183673469387756,127000,13,6027000,fastq_host_removed/Toti_MySeq_20220331_Q4_S4_L001_unmapped.fastq,Toti_MySeq_20220331_Q4_S4_L001_unmapped.fastq,6a36936e,15872000,31,DNA,1000,15872,True,0.872814738174403,0.9258676653301785,0.8993412017522908,0.9258676653301785,False,163,26262,35262
124000,0.0078125,0.04585798816568047,0.0078125,0.0036583290794623105,1.0403225806451613,1.0,0.1967146922201689,/mnt/k/data/databases/sourmash/genbank-2022.03-bacteria-k31.zip,"GCA_900539715.1 uncultured Lachnospiraceae bacterium, UMGS161",cde94971d436ef0685f97954a763fe1d,0.04585798816568047,124000,14,5903000,fastq_host_removed/Toti_MySeq_20220331_Q4_S4_L001_unmapped.fastq,Toti_MySeq_20220331_Q4_S4_L001_unmapped.fastq,6a36936e,15872000,31,DNA,1000,15872,True,0.8551168905573541,0.9053569475547052,0.8802369190560296,0.9053569475547052,False,129,26391,35262
139000,0.008757560483870967,0.06359875904860393,0.0077494959677419355,0.0038001247802166636,1.089430894308943,1.0,0.3125590697031071,/mnt/k/data/databases/sourmash/genbank-2022.03-bacteria-k31.zip,"GCA_905193185.1 uncultured Fusobacterium sp., ERR1600647-mag-bin.28",dc7d37d18d6d540f6391f928c6557eae,0.0718717683557394,123000,15,5780000,fastq_host_removed/Toti_MySeq_20220331_Q4_S4_L001_unmapped.fastq,Toti_MySeq_20220331_Q4_S4_L001_unmapped.fastq,6a36936e,15872000,31,DNA,1000,15872,True,0.8582726290169446,0.9185753456082705,0.8884239873126075,0.9185753456082705,False,134,26525,35262
118000,0.007434475806451613,0.0386684599865501,0.007245463709677419,0.0033747376779536043,1.0347826086956522,1.0,0.18322876091917806,/mnt/k/data/databases/sourmash/genbank-2022.03-bacteria-k31.zip,"GCA_003470265.1 [Ruminococcus] gnavus strain=AM25-19, ASM347026v1",d0fcf171bd0e7138852caaa4a1ee7c2d,0.03967720242098184,115000,16,5665000,fastq_host_removed/Toti_MySeq_20220331_Q4_S4_L001_unmapped.fastq,Toti_MySeq_20220331_Q4_S4_L001_unmapped.fastq,6a36936e,15872000,31,DNA,1000,15872,True,0.8537498817405484,0.9011387111986311,0.8774442964695898,0.9011387111986311,False,119,26644,35262
111000,0.006993447580645161,0.05832895428271151,0.006993447580645161,0.0034598150984062165,1.0990990990990992,1.0,0.3539978865655585,/mnt/k/data/databases/sourmash/genbank-2022.03-bacteria-k31.zip,"GCA_008693005.1 Helicobacter canis strain=CCUG 32756T, ASM869300v1",1dba5c3370c07a5ee462e611a896a582,0.05832895428271151,111000,17,5554000,fastq_host_removed/Toti_MySeq_20220331_Q4_S4_L001_unmapped.fastq,Toti_MySeq_20220331_Q4_S4_L001_unmapped.fastq,6a36936e,15872000,31,DNA,1000,15872,True,0.8520673295835673,0.9124095296187831,0.8822384296011752,0.9124095296187831,False,122,26766,35262
82000,0.00516633064516129,0.04963680387409201,0.00516633064516129,0.002410526912824003,1.0365853658536586,1.0,0.18774151607732503,/mnt/k/data/databases/sourmash/genbank-2022.03-bacteria-k31.zip,"GCA_005366985.1 Campylobacter upsaliensis strain=PNUSAC005808, PDT000364915.1",7d102a47f01a85cd998298a1d8222a98,0.04963680387409201,82000,18,5472000,fastq_host_removed/Toti_MySeq_20220331_Q4_S4_L001_unmapped.fastq,Toti_MySeq_20220331_Q4_S4_L001_unmapped.fastq,6a36936e,15872000,31,DNA,1000,15872,True,0.8437847729712742,0.9076724528391784,0.8757286129052263,0.9076724528391784,False,85,26851,35262
1189000,0.0749117943548387,0.03566591422121896,0.004977318548387097,0.004594180704441042,2.050632911392405,2.0,1.3770150636427758,/mnt/k/data/databases/sourmash/genbank-2022.03-bacteria-k31.zip,"GCA_900771545.1 uncultured Faecalibacterium sp., SRS820584_20",6258275cb1c37f8e98ef5e38084aa4b1,0.5367945823927766,79000,19,5393000,fastq_host_removed/Toti_MySeq_20220331_Q4_S4_L001_unmapped.fastq,Toti_MySeq_20220331_Q4_S4_L001_unmapped.fastq,6a36936e,15872000,31,DNA,1000,15872,True,0.9198037328328594,0.9801310170872307,0.949967374960045,0.9801310170872307,False,162,27013,35262
74000,0.004662298387096774,0.02242870874719641,0.0044102822580645165,0.0020134989507118142,1.0142857142857142,1.0,0.11866605518454393,/mnt/k/data/databases/sourmash/genbank-2022.03-bacteria-k31.zip,"GCA_905201805.1 uncultured Eubacterium sp., ERR414356-mag-bin.39",090cbec0bf6382945cd93c0fff1da5f0,0.023710349247036206,70000,20,5323000,fastq_host_removed/Toti_MySeq_20220331_Q4_S4_L001_unmapped.fastq,Toti_MySeq_20220331_Q4_S4_L001_unmapped.fastq,6a36936e,15872000,31,DNA,1000,15872,True,0.8409952647211711,0.8862957026935139,0.8636454837073425,0.8862957026935139,False,71,27084,35262
896000,0.056451612903225805,0.029297716501507972,0.004284274193548387,0.0034314559582553457,1.7794117647058822,1.0,1.1484719801864374,/mnt/k/data/databases/sourmash/genbank-2022.03-bacteria-k31.zip,"GCA_018371105.1 Fusobacterium sp., ASM1837110v1",8d5c698efba6025f36052f114c7caf25,0.3860404997845756,68000,21,5255000,fastq_host_removed/Toti_MySeq_20220331_Q4_S4_L001_unmapped.fastq,Toti_MySeq_20220331_Q4_S4_L001_unmapped.fastq,6a36936e,15872000,31,DNA,1000,15872,True,0.9114471584723102,0.9697629246396062,0.9406050415559581,0.9697629246396062,False,121,27205,35262
696000,0.043850806451612906,0.02630444156964209,0.0038432459677419355,0.00226873121206965,1.3114754098360655,1.0,0.559302364237114,/mnt/k/data/databases/sourmash/genbank-2022.03-bacteria-k31.zip,"GCA_018371185.1 Megamonas sp., ASM1837118v1",75578e1a92bd26e502077fe7b2c5a8e4,0.3001293661060802,61000,22,5194000,fastq_host_removed/Toti_MySeq_20220331_Q4_S4_L001_unmapped.fastq,Toti_MySeq_20220331_Q4_S4_L001_unmapped.fastq,6a36936e,15872000,31,DNA,1000,15872,True,0.90405078018802,0.961920064252036,0.932985422220028,0.961920064252036,False,80,27285,35262
3419000,0.2154107862903226,0.011627906976744186,0.0035912298387096773,0.006153933412738926,3.807017543859649,4.0,2.736617174742518,/mnt/k/data/databases/sourmash/genbank-2022.03-bacteria-k31.zip,"GCA_021411185.1 Phocaeicola vulgatus strain=BJH_199, ASM2141118v1",e2d82e69dceaef46a6444dc99b0b0a50,0.6974704202366381,57000,23,5137000,fastq_host_removed/Toti_MySeq_20220331_Q4_S4_L001_unmapped.fastq,Toti_MySeq_20220331_Q4_S4_L001_unmapped.fastq,6a36936e,15872000,31,DNA,1000,15872,True,0.951683409162618,0.988444854496531,0.9700641318295744,0.988444854496531,False,217,27502,35262
71000,0.004473286290322581,0.007863883328567344,0.0034652217741935483,0.0035732516590096988,2.290909090909091,2.0,1.855436506081298,/mnt/k/data/databases/sourmash/genbank-2022.03-bacteria-k31.zip,"GCA_008566065.1 Bacteroides ovatus strain=BIOML-A160, ASM856606v1",f8c93b6dda8214fd51d87148bb748346,0.010151558478696025,55000,24,5082000,fastq_host_removed/Toti_MySeq_20220331_Q4_S4_L001_unmapped.fastq,Toti_MySeq_20220331_Q4_S4_L001_unmapped.fastq,6a36936e,15872000,31,DNA,1000,15872,True,0.8398732792743475,0.8623719141220394,0.8511225966981935,0.8623719141220394,False,126,27628,35262
342000,0.021547379032258066,0.020606531881804044,0.0033392137096774194,0.0019567806704100734,1.3018867924528301,1.0,0.5691737029810701,/mnt/k/data/databases/sourmash/genbank-2022.03-bacteria-k31.zip,"GCA_905186105.1 uncultured Sutterella sp., Sutterella canine HQ MAG",02b48a1b35ad4170fb9bee12bbfb2a19,0.13297045101088648,53000,25,5029000,fastq_host_removed/Toti_MySeq_20220331_Q4_S4_L001_unmapped.fastq,Toti_MySeq_20220331_Q4_S4_L001_unmapped.fastq,6a36936e,15872000,31,DNA,1000,15872,True,0.8835650539707227,0.9369880170786347,0.9102765355246787,0.9369880170786347,False,69,27697,35262
55000,0.0034652217741935483,0.02416780665754674,0.0033392137096774194,0.0017015484090522376,1.1320754716981132,1.0,0.3903426578410793,/mnt/k/data/databases/sourmash/genbank-2022.03-bacteria-k31.zip,"GCA_020537595.1 Amedibacillus dolichus strain=MSK.15.4, ASM2053759v1",3991ed58f77345671d1c9147ae848f0f,0.025079799361605107,53000,26,4976000,fastq_host_removed/Toti_MySeq_20220331_Q4_S4_L001_unmapped.fastq,Toti_MySeq_20220331_Q4_S4_L001_unmapped.fastq,6a36936e,15872000,31,DNA,1000,15872,True,0.8329836652177728,0.887902527370107,0.8604430962939399,0.887902527370107,False,60,27757,35262
155000,0.009765625,0.02564102564102564,0.0032132056451612905,0.0017015484090522376,1.1764705882352942,1.0,0.3812200410828153,/mnt/k/data/databases/sourmash/genbank-2022.03-bacteria-k31.zip,"GCA_019416805.1 Fusobacterium sp., ASM1941680v1",37fcac12337d806d41d45191105d0de5,0.07792860734037205,51000,27,4925000,fastq_host_removed/Toti_MySeq_20220331_Q4_S4_L001_unmapped.fastq,Toti_MySeq_20220331_Q4_S4_L001_unmapped.fastq,6a36936e,15872000,31,DNA,1000,15872,True,0.8612943817359712,0.9209759462480419,0.8911351639920065,0.9209759462480419,False,60,27817,35262
